2 0.5453125 0.6422594142259415 0.509375 0.6422594142259415 0.509375 0.698744769874477 0.5453125 0.698744769874477
9 0.5359375 0.5230125523012553 0.428125 0.5230125523012553 0.428125 0.5857740585774058 0.5359375 0.5857740585774058
9 0.54375 0.5355648535564853 0.4390625 0.5355648535564853 0.4390625 0.6276150627615062 0.54375 0.6276150627615062
9 0.5515625 0.5292887029288704 0.421875 0.5292887029288704 0.421875 0.6924686192468619 0.5515625 0.6924686192468619
2 0.5390625 0.5543933054393305 0.5109375 0.5543933054393305 0.5109375 0.6317991631799164 0.5390625 0.6317991631799164
2 0.55625 0.5502092050209205 0.503125 0.5502092050209205 0.503125 0.700836820083682 0.55625 0.700836820083682
2 0.534375 0.5669456066945606 0.4640625 0.5669456066945606 0.4640625 0.6297071129707112 0.534375 0.6297071129707112
2 0.528125 0.6401673640167364 0.509375 0.6401673640167364 0.509375 0.696652719665272 0.528125 0.696652719665272
2 0.5 0.34518828451882855 0.478125 0.34518828451882855 0.478125 0.3786610878661089 0.5 0.3786610878661089
2 0.490625 0.46443514644351475 0.4703125 0.46443514644351475 0.4703125 0.5000000000000001 0.490625 0.5000000000000001
9 0.5265625 0.5836820083682008 0.465625 0.5836820083682008 0.465625 0.6192468619246861 0.5265625 0.6192468619246861