2 0.646875 0.656964656964657 0.603125 0.656964656964657 0.603125 0.7089397089397089 0.646875 0.7089397089397089
9 0.56875 0.5197505197505199 0.5203125 0.5197505197505199 0.5203125 0.6694386694386695 0.56875 0.6694386694386695
9 0.6 0.5384615384615384 0.5265625 0.5384615384615384 0.5265625 0.6860706860706861 0.6 0.6860706860706861
9 0.6515625 0.5218295218295219 0.5234375 0.5218295218295219 0.5234375 0.7047817047817048 0.6515625 0.7047817047817048
2 0.5953125 0.6424116424116424 0.534375 0.6424116424116424 0.534375 0.681912681912682 0.5953125 0.681912681912682
2 0.6484375 0.6382536382536382 0.528125 0.6382536382536382 0.528125 0.7151767151767152 0.6484375 0.7151767151767152
2 0.6015625 0.577962577962578 0.55 0.577962577962578 0.55 0.6777546777546778 0.6015625 0.6777546777546778
2 0.646875 0.656964656964657 0.6015625 0.656964656964657 0.6015625 0.681912681912682 0.646875 0.681912681912682
2 0.4078125 0.5467775467775468 0.3812500000000001 0.5467775467775468 0.3812500000000001 0.577962577962578 0.4078125 0.577962577962578
2 0.503125 0.5613305613305614 0.475 0.5613305613305614 0.475 0.5904365904365905 0.503125 0.5904365904365905
9 0.5921875 0.58004158004158 0.5640625 0.58004158004158 0.5640625 0.6652806652806653 0.5921875 0.6652806652806653